8265
107360
134590
58528
14972
46640
34768
80280
137637
84987
154546
66896
11410
36960
18180
46592
90214
145236
68816
122191
6834
9114
30149
67067
116160
60231
115128
174410
73920
12864
39292
79212
46764
90387
144540
67496
129944
10908
9930
28600
66306
121000
62628
108600
181594
1222
18750
48348
23562
62628
117096
39846
100233
161624
19992
19110
50266
88828
41301
80703
140718
201708
3848
22420
54696
25830
61184
102921
166838
76328
142065
19700
14144
38280
76540
121296
62448
109656
176245
2910
19093
45645
86526
41286
87746
143925
50933
100818
18662
49607
28423
62764
110400
165875
89610
143613
13456
13800
41172
74575
32224
67540
126150
183920
924
17324
47066
19952
54540
92742
155595
63160
136496
15000
12614
34510
72268
118332
56520
106848
180412
1705
17600
42828
86040
46207
91956
144248
64280
111813
17005
48314
33178
65296
116412
50505
102952
161541
2670
16589
44688
82186
43965
84210
149205
51057
111960
19184
52360
31302
67336
113118
50502
101010
161252
15240
19432
44121
87690
38646
84116
135687
210125
1925
21084
52470
29358
62832
115443
167772
93574
153935
18170
16808
43946
82071
33440
73718
128398
193569
2944
21090
50800
23328
57060
100792
160425
71280
136012
19200
13152
36772
77441
121701
62256
107920
180856
2730
19468
45560
87055
45034
88578
137837
55862
108112
18190
48070
30084
62338
111100
165375
89320
142884
12882
13817
39334
73132
29000
64819
118244
176490
77285
15642
44329
82280
46852
85576
150192
56340
121516
12649
44392
29733
65600
108862
48477
91078
158578
5031
13986
37191
76140
31518
78064
124670
194224
87072
13776
41055
25010
52479
102141
156948
82280
139320
7437
11680
34816
69184
30592
61256
120572
178860
81092
13860
41062
79856
53444
91308
151496
65833
134981
10403
11016
33060
71517
115072
60750
109364
177513
63954
15180
42228
84750
49555
91922
146714
68860
125440
13622
44649
35100
69574
117192
53965
114894
169800
1518
15989
45849
83538
46750
88312
148716
56175
120516
15930
48954
30331
67280
115128
51280
98085
164350
10080
16416
41920
81314
35816
80852
131223
204125
94656
17425
45689
27950
56680
110292
161745
83052
142479
12210
13944
39121
73815
28884
65880
119437
181049
80926
15544
43035
82280
49280
88559
147510
57942
119327
12467
43310
28420
63042
106392
47120
90830
153153
4366
12700
35520
75384
30426
70680
117390
191543
83168
12246
38380
21492
47676
94822
142945
72765
122976
6060
8430
30180
63712
108445
53728
105260
159489
62220
10602
36892
71077
42300
76112
134160
45450
107446
7565
35990
26019
56924
100528
43020
86559
147600
216340
11076
32116
70192
31716
72534
121808
185400
88350
9828
36936
23646
52729
98588
149816
81256
137432
2664
10127
34310
68706
27390
65888
122220
180462
86592
11242
39000
21035
55007
95277
152040
73010
140220
6804
11037
33660
72800
118172
68092
116034
184338
75399
13752
39936
18990
48906
96209
145936
73152
123895
9888
9982
34432
67320
117334
55614
108604
168300
63682
13440
40848
76705
44450
81395
143856
49728
117348
11049
42229
26790
62568
103428
44460
91791
152789
3658
12699
36498
73564
28520
73840
118233
189720
84741
11778
38831
20825
46797
92382
146160
71088
124538
5512
8525
29205
62006
110684
49880
99648
157388
61982
9612
33432
68931
38548
74410
129684
184992
96712
6552
33448
20880
52611
93605
34336
75924
133414
201541
8040
28475
62177
106764
59675
103569
172664
66652
7171
30411
16320
40810
82992
134754
60102
114333
181972
28768
27000
56700
102144
45838
99086
151320
56992
8024
30976
66006
36800
72633
130725
49912
104594
3649
30798
25811
58220
100152
46080
92393
158301
222406
9464
34365
72924
37980
80560
135135
55870
118048
8075
37761
29370
66704
118822
70296
130949
208750
1525
25245
14849
41418
85008
134550
65664
124176
197835
6084
26063
57716
103168
58190
108715
169839
81028
5396
30199
16213
46683
85096
138645
72114
129007
196736
7585
28380
61655
105996
56888
108240
170718
70560
7728
32544
17824
42228
86172
139650
68056
118499
1862
7744
29232
57876
106002
50940
101475
159075
59268
9176
33306
67602
38164
78736
134499
45942
108864
4692
32760
22320
55848
98490
42846
87129
147476
215350
8800
30877
65614
32110
71355
119598
179571
90064
6480
32235
20475
49500
94962
144232
79296
135871
211812
8610
29376
65043
27218
62700
113348
177675
82814
8614
34578
20304
50176
90630
144786
74001
132167
2520
10168
30888
67027
110836
62480
111602
180006
79420
10920
38279
21000
47734
92916
149860
76041
130264
7303
11600
35121
69730
119500
68498
121800
182112
84962
14673
43260
22575
56355
102742
161745
78336
144156
12432
14405
37808
78578
33099
74664
124356
200400
2254
45845
71520
120960
70920
11985
13615
45260
90950
55182
107666
184920
97460
11430
10324
39984
84357
38850
90170
168224
86750
7912
40300
32804
74290
34374
85560
155926
73186
4446
33408
27972
64815
119072
74710
141966
63308
1496
25398
19080
56960
107985
59466
118490
201996
101970
19530
14112
43680
86016
35904
95992
164632
68780
12464
44635
32604
67624
126477
69324
136971
51272
7812
33464
19107
55683
110452
54653
118342
191697
4080
26124
64260
40916
85570
35438
87180
149431
1073
18020
51294
25305
65688
123900
61996
129323
212838
10800
35550
80563
51699
102420
41010
102080
175008
6230
28630
65714
36246
84161
84692
163098
77112
16942
12499
45954
97416
47418
103208
176379
92667
15050
48763
35224
79980
136500
88507
151508
72857
9975
41216
27278
66339
123900
70455
141752
59228
6534
33578
21723
59584
113792
59808
122176
206305
3717
27621
18792
54360
109113
57152
115440
200640
1612
24012
59658
43737
92708
38808
99684
178324
80238
17160
51528
38192
80990
141856
88855
155297
62186
13064
43990
28336
71586
127948
69264
134246
51823
9060
35904
22459
56984
114696
58185
117040
203116
5559
28982
70308
49476
98496
41481
100776
183398
3256
22046
57860
34868
87032
149691
91350
154192
1050
17424
49490
28119
70300
125618
67584
142332
224280
12712
40500
79886
49720
106408
170250
98332
176443
6825
30856
68580
40843
93245
156704
89900
158954
17182
22509
55242
24660
72381
125636
57304
128538
10272
14400
42978
87914
54378
105145
172988
101700
4650
8178
33150
73600
38760
92323
151156
74385
146796
28679
24857
65379
115196
71796
134539
53229
134758
21420
18102
52140
98010
57171
113232
192394
106495
16562
11820
40854
86802
45360
94248
165672
82955
10332
43665
33930
76422
35496
84018
154603
67470
6364
34236
26304
64408
118472
66582
136152
